35 1
92 5
89 7
78 7
47 6
98 13
70 13
46 10
97 22
75 21
32 9
7 2
42 12
91 30
82 28
70 25
92 37
71 30
82 35
96 42
96 43
67 31
34 16
91 43
94 49
72 39
48 27
42 25
62 37
85 55
71 51
57 41
79 59
65 49
22 17
30 24
74 65
63 56
27 24
45 40
93 83
63 58
48 45
78 74
51 51
38 39
63 65
87 91
41 43
14 15
67 77
74 87
56 68
69 85
54 69
28 37
56 75
30 42
68 100
40 59
23 34
62 92
58 88
25 38
54 84
38 60
42 68
11 18
32 53
49 84
49 84
24 42
54 100
49 100
23 47
19 39
22 46
17 36
28 68
30 79
36 95
8 22
25 73
4 12
29 94
22 89
19 83
7 31
8 38
14 69
19 96
11 60
10 59
5 31
6 46
8 92
3 51
3 54
1 89
1 92
